[[[ 3.35952850e+00  3.21104171e+00  2.59420704e-01 -1.64707761e+00
    7.35911758e-01  4.27121173e-02  3.33214149e+00 -2.28608355e+00
   -1.89435670e+00  2.93136776e+00  1.11471626e+00  1.75104987e+00
    3.08815453e+00 -2.11547846e+00 -3.43771143e+00  1.68235514e+00
   -1.41516487e-01 -2.98512164e+00  1.58546397e+00  2.99190044e+00
    1.67737575e+00  1.31115974e-02 -2.07428605e+00  7.66748423e-01
   -3.78320901e-01 -1.14779980e+00  3.77067877e+00 -2.41001009e-01
   -1.69860004e+00 -3.90244943e+00 -7.04766941e-01  1.97013082e+00
   -1.47066032e+00  3.15571727e+00 -4.48907017e-01  1.39195030e+00
    4.14759365e-01 -3.53590041e+00 -3.44189857e+00 -3.82513632e+00
   -8.46393633e-01  5.81518042e-01  6.20965348e-02 -3.32970216e-01
    9.62492552e-01 -1.36186093e+00  1.85525457e+00  2.41000032e-01
   -2.37114722e+00 -2.42735833e+00  3.46963343e+00 -7.94065902e-01
    3.40845205e+00 -3.17254919e+00 -3.11928138e+00 -7.53395658e-01
    2.36497584e+00  5.34194714e-01 -1.58390117e+00  5.29188917e-01
    2.14164221e+00 -2.48845479e+00  3.37016325e+00 -8.81286818e-01
    1.83037348e+00  3.26363774e+00  2.82314579e+00 -3.53468075e-01
    3.40390101e+00 -1.13349765e+00 -2.08146726e+00 -1.17237155e-01
    3.85811987e-01 -2.95427643e+00 -1.33340406e-01  2.61591570e+00
    4.67921208e-01 -2.50484405e+00  1.59806011e+00 -3.07763222e+00
   -3.42295527e-01 -8.22619553e-02  6.06272755e-01  2.87353857e+00
    1.94921386e+00 -1.91742014e+00  2.18826111e+00 -2.79703604e+00
   -1.64136252e+00 -2.18756361e+00 -1.33006426e+00  2.07015799e+00
   -3.09261023e+00 -1.57564050e+00 -2.77035964e+00  3.60258974e+00
   -2.22469135e+00 -7.99237720e-01  2.36783262e+00]
  [ 2.00415216e+00 -1.76622475e+00  1.91918418e-01  2.27718391e+00
   -1.24989948e+00 -3.83313808e+00 -1.76219411e-01  1.48196095e+00
   -3.73066984e+00  2.69218617e+00 -1.78217319e+00  3.47671285e+00
    3.78230003e+00  2.02005366e+00 -1.90231615e+00 -3.99879580e+00
    1.99556984e-01 -1.17471750e+00 -1.52613940e+00  1.64073157e+00
    3.13815788e+00  1.88059131e+00  3.91973329e-01 -3.20924685e+00
    1.30692213e+00  3.94719323e+00  3.07065604e+00  2.12134424e+00
   -1.78535654e+00 -1.41993986e+00 -2.85495330e+00 -9.06436822e-01
   -1.51436080e-01  1.54357620e+00 -3.40529608e+00  3.08595485e+00
    1.15842442e+00  2.83662169e+00 -3.10720373e+00 -2.32165176e+00
    1.05132061e-02 -4.68180753e-02  1.27812672e+00  3.98056446e+00
    3.21981223e+00  2.61823717e+00 -1.23500721e+00 -1.63503520e+00
    1.43975960e+00 -3.11973663e+00 -1.76976107e+00  1.97257355e+00
    7.67904752e-01 -3.24822324e+00 -6.68176477e-01  1.27152419e+00
    1.70123988e+00  1.52422553e+00 -8.53346305e-01  3.70604572e+00
    2.81566923e-01 -2.86520525e+00 -2.16622449e+00  1.46933097e-02
    3.08184826e+00  1.77689955e+00  3.36512206e+00 -1.98752264e+00
   -9.85294485e-01 -9.87151479e-01 -2.42300723e+00  2.54474075e+00
    1.66557934e+00  1.75402319e-01 -3.00265216e+00  2.55204861e+00
   -1.38654822e+00 -1.37699565e+00 -1.22179389e+00  2.37015710e+00
   -1.77633970e+00 -3.53445028e+00  3.73169701e+00 -3.70669710e+00
   -3.59219172e-01  3.78536275e+00  1.98107094e+00 -9.73312818e-01
    2.14614424e+00  1.37071604e+00 -3.94660176e+00 -9.15935419e-01
   -3.69235008e+00  1.51893163e+00 -1.85716428e+00  2.38812456e+00
   -7.85755083e-03 -6.44290244e-01  3.54702706e+00]
  [-5.13298379e-01 -3.64582429e+00  3.78307662e+00 -2.39791542e+00
    1.53406424e-01 -1.29977492e+00  9.42504330e-01  3.58271972e+00
   -2.87026937e+00 -2.45447879e-02 -1.06483892e+00  8.47107208e-01
   -1.64711015e-01  2.02803543e+00  1.82543177e+00 -6.63894931e-02
    2.44798841e+00 -1.46549809e+00  2.80571054e+00 -3.71292679e+00
    7.36036179e-01 -2.70138632e+00 -3.12432785e+00  2.81240620e+00
    1.94494818e+00 -2.17986578e+00  1.16853692e+00 -3.62571326e+00
   -5.83088663e-04  2.58788540e+00 -1.10519084e+00 -2.44216991e+00
   -3.39874965e+00 -1.40239279e+00  6.94923696e-01 -6.09313740e-01
   -2.83168777e+00 -3.29138502e+00 -1.33409941e+00 -2.17659510e+00
   -1.79709551e+00  7.18701282e-01  1.90301004e+00 -4.74871167e-01
   -1.38016623e-01  3.45308445e+00 -1.25223070e+00 -3.93652303e+00
    2.25758720e+00 -3.45577652e+00 -2.74562888e+00 -1.12015398e-01
    3.63667807e+00 -3.46492169e+00  5.81499807e-01 -1.22554631e+00
    2.39470452e+00  2.93438060e+00 -2.53206980e+00 -3.64631861e+00
   -2.41491532e+00 -1.71507295e+00 -2.42552720e+00 -4.15128928e-01
   -9.16043420e-01 -4.27639223e-02  1.92164805e+00 -1.20743322e+00
    3.18389978e+00 -5.62396119e-01  3.02705395e+00  2.15602077e+00
    1.18600749e+00  7.88000405e-01 -1.01424179e+00  2.96831590e+00
    1.08601464e+00 -1.52438765e+00  2.10832758e+00 -2.27634363e+00
    2.94161554e-01  3.37363354e+00 -2.78370650e-01 -2.16205289e+00
    1.10220331e+00 -1.02538484e-01  2.54528142e+00  6.79060461e-01
   -3.82965765e+00 -2.00883388e+00  1.74424987e+00 -1.62119987e+00
   -2.55553582e+00  9.21215731e-01 -2.02084105e+00 -3.98582118e+00
    6.29378650e-01 -1.74830966e+00 -5.51420426e-01]
  [-2.86197396e+00 -2.06562759e+00 -1.61160403e+00  2.14953976e+00
    1.04079221e+00 -2.76907798e+00  9.40232974e-01 -1.79336620e+00
    2.81675481e+00  3.01081744e+00 -3.22644834e+00  1.96718573e+00
   -1.01680054e+00 -3.48201994e+00  2.74559046e+00 -3.53376490e+00
   -2.11153438e+00  2.13957938e+00 -2.35797059e+00 -2.79583063e+00
    2.78013485e-01 -2.13235576e+00 -1.79210130e+00  9.79057746e-02
   -4.75486771e-01 -2.11838965e+00 -3.73931924e+00  2.87094130e+00
   -6.60118198e-01  3.91824934e+00 -1.25278340e+00 -1.14564126e+00
   -1.71223537e+00  2.32196943e+00 -3.25941214e+00  1.91855459e+00
   -3.01512759e+00  1.31237812e-01  3.48794718e+00 -1.58207995e+00
    2.23615939e+00 -2.24117364e+00 -2.31510859e+00 -2.21538428e+00
   -5.77605701e-01  8.92659105e-01 -1.95630513e+00 -3.85862287e+00
   -1.11629017e+00 -3.70787545e+00 -8.86201354e-01 -1.00091938e+00
   -2.66032798e+00 -1.94312855e+00 -3.19943580e+00  5.18011301e-01
   -7.56864710e-01 -2.93125768e+00 -1.88162338e-01  2.52268274e+00
    8.73162757e-01  1.33558321e+00  1.20741212e+00 -1.69125389e-01
    9.28796491e-01  2.68885536e+00  1.58153906e+00 -8.76454241e-01
   -1.79263673e+00 -3.13373568e+00  3.90513198e+00 -1.13646661e+00
    2.11472240e+00  2.46165461e+00  3.47342174e+00  1.13437925e+00
    1.85417692e+00 -6.92160234e-01  1.13974003e+00 -1.92161781e+00
    5.25356317e-01  1.79422558e+00  2.62277642e+00 -3.03306652e+00
    2.05444122e+00 -3.93582069e+00 -2.22348820e+00 -2.99013091e+00
    1.50774787e+00  1.48087363e+00  2.76974355e+00 -3.95623767e-01
   -2.37003173e+00  7.20416574e-01 -2.07173468e+00  3.88535494e+00
   -1.17720597e+00 -2.99807060e+00 -2.07376983e+00]
  [ 1.21602700e+00 -1.81203528e+00 -4.51747027e-01  3.92443302e+00
    2.31720522e+00 -1.71103596e+00 -1.37062299e+00  1.03527302e+00
   -9.88969446e-01  2.03123477e+00  2.75271684e+00 -1.45443705e+00
   -2.66494294e+00  3.72463283e+00  3.27114230e+00  2.21174050e+00
   -7.00906154e-02 -3.07267824e+00 -1.90882215e+00  3.20315843e-01
   -1.75128316e+00  3.45889219e+00 -9.57597494e-01 -3.71488007e+00
   -1.04650468e+00  3.47472729e+00 -1.79434011e+00  1.75431044e+00
   -2.30676990e+00 -3.19642936e+00  2.10652097e+00  1.85929073e+00
   -9.89675330e-01  8.91689053e-01  5.16609255e-01 -2.64925677e+00
    3.13378282e+00 -2.93448694e+00  2.86978897e+00 -1.50764043e+00
    3.16569164e+00  2.71030862e-01 -3.50691052e+00  2.81056449e+00
   -2.35809804e+00 -3.84284131e+00 -2.08690286e+00 -3.09079013e+00
    3.16881159e+00 -1.15958614e+00  3.49736360e+00 -5.60248996e-01
   -2.41282269e+00 -3.42754719e-02  3.37436870e+00 -3.22468672e+00
    1.93639758e+00  1.44932032e+00 -2.61019360e+00  2.47490150e+00
   -3.28493420e+00  3.00735577e+00 -2.84270993e-01 -1.17386438e+00
    3.34099194e+00  2.43531110e+00  3.03820865e+00  9.26322688e-02
    3.69428889e+00 -2.36368254e+00 -2.23273228e+00 -3.45662629e+00
   -1.34932654e+00  2.34143714e+00 -7.58174990e-01  2.48208560e+00
   -1.27993186e-01 -2.01383998e+00  3.53054145e+00 -2.35193333e+00
    1.65263393e+00 -2.63957061e+00  2.89861102e+00 -1.22542478e+00
    1.17644103e+00  1.44805563e+00 -2.05573422e+00  1.93963781e+00
    2.61391685e+00  3.88717077e+00  2.87134536e+00 -2.15360013e+00
   -2.79418420e+00 -3.69049177e+00  6.54507444e-01  7.99262768e-02
   -1.13190326e+00  1.78462632e+00  5.67036030e-01]
  [-1.27146748e+00  3.08650662e+00 -2.86738099e+00  4.57355005e-01
   -3.09974181e+00 -2.87485929e+00 -6.97566969e-01 -3.62433080e+00
    1.29595409e+00  2.18859039e+00  3.06128367e+00  3.59442173e+00
    1.11299346e+00 -3.26409357e+00  3.45568010e+00  8.31689421e-01
   -1.62439474e+00 -3.49415660e+00  8.51692724e-01 -3.23569610e+00
   -1.60874681e+00  3.73321821e+00 -2.19408052e+00 -3.17789189e+00
    7.64826941e-01 -3.00246697e+00  1.32859932e-02  1.10216802e+00
   -1.98883020e+00 -2.27141891e+00 -2.37262296e-01  3.00865285e+00
    3.88109219e-01  3.72856635e-01 -3.39025874e+00  9.63756411e-01
   -1.07262960e+00 -2.87258638e+00 -1.43764227e+00  1.95088868e+00
   -1.40458937e+00 -1.95849723e+00  2.81913704e+00  1.60749240e+00
    3.41568370e+00  2.62889504e+00 -3.50207121e+00 -3.58217828e+00
    9.67848105e-01 -2.27523728e+00 -2.25001136e+00 -3.29815844e+00
    3.35374199e+00  3.88666236e+00  1.62587578e-01  3.67320112e+00
    7.17583449e-01 -2.11595886e+00  5.40637870e-01 -2.78262216e+00
   -2.95426541e+00 -2.82937628e+00 -1.92982432e+00  4.51304598e-01
    3.12451653e+00  7.83676635e-01  2.68734748e+00  2.33414625e+00
    2.73733591e+00 -1.82675451e+00 -3.01118167e+00 -2.74323746e-01
   -5.53232573e-01 -2.34434338e+00 -3.78565058e+00  1.96549682e+00
   -3.78422399e+00 -2.73486805e+00  2.32665573e-01  1.63896688e+00
    2.14273044e+00 -3.29714087e+00  2.15097683e+00  1.96631496e-01
    3.94169932e+00  1.42708396e+00  2.98203803e+00  2.17915836e+00
    3.94478560e+00 -2.93173788e+00  3.21920429e-01  1.26353602e+00
    2.09673348e+00  2.77885397e+00  3.83652652e+00 -2.03432292e+00
    3.05235375e+00  3.43273709e+00 -2.23887861e+00]
  [ 3.31197256e+00  1.81900663e+00 -1.61158690e+00 -3.94097416e+00
   -1.16818948e+00 -5.99365118e-01  3.37076977e+00  1.07566896e+00
   -6.04568984e-01  2.85072137e-01  1.33880449e+00 -3.62041642e+00
   -2.27675473e+00 -1.35059980e+00  1.94392473e+00 -1.94930554e+00
   -8.26231944e-01  1.72201477e+00 -5.55180005e-01 -1.77477368e+00
    1.82120093e+00  1.49221456e+00 -2.05517199e+00 -2.75238629e+00
   -2.64319594e+00  3.82715122e+00  3.15595529e+00  9.77629364e-01
   -1.68894364e+00  1.84392689e+00 -8.65415217e-01 -5.11575921e-01
    4.54409328e-01  3.76471891e+00  2.77749662e+00  4.27247491e-01
    1.58733635e+00 -4.13368853e-01 -3.32952232e+00  8.34143848e-01
    2.36748336e+00 -3.05554448e+00 -3.39506841e+00 -1.93358215e+00
   -2.73964002e+00 -2.89501779e-01 -1.56303217e+00  1.36194765e+00
   -8.78130628e-01 -3.18541148e+00 -2.53029543e-01  2.72301658e+00
    2.31760828e+00  3.16340149e+00  2.76799870e+00 -3.26451271e+00
   -2.10379822e+00 -3.08085070e+00  9.30580002e-01  2.21166649e+00
   -1.87477824e+00  2.19570475e+00 -4.38048155e-01  2.19696977e+00
   -1.54850285e+00  2.38919342e+00 -2.35066884e+00 -3.63576817e+00
    1.67022460e+00  1.37472322e+00  3.69204511e-01  1.27435684e+00
    2.16982353e+00  2.62239556e+00 -1.24120336e+00 -2.48800624e+00
   -2.75720966e+00  2.20284105e+00  9.65317527e-01 -9.46478481e-01
   -1.29852590e+00  3.19606824e-01 -1.12932324e+00  5.28650842e-01
   -1.74766801e+00  1.13242647e+00  1.56555706e+00  2.65406344e+00
    1.27610762e+00  3.33275579e+00 -5.44950492e-01  1.04529989e+00
   -2.75279254e+00 -2.48915313e+00  2.52546600e+00 -6.98096061e-01
   -1.32690066e+00  1.61182063e+00  1.66044739e+00]
  [-1.27146748e+00  3.08650662e+00 -2.86738099e+00  1.51949810e-01
   -3.09974181e+00 -2.87485929e+00 -6.97566969e-01 -3.34620716e+00
    1.29595409e+00  2.18859039e+00  3.06128367e+00  3.71967692e+00
    1.11299346e+00 -3.26409357e+00  3.45568010e+00  1.22116831e+00
   -1.62439474e+00 -3.49415660e+00  8.51692724e-01 -3.31573483e+00
   -1.60874681e+00  3.73321821e+00 -2.19408052e+00 -2.53425364e+00
    7.64826941e-01 -3.00246697e+00  1.32859932e-02  1.56240956e+00
   -1.98883020e+00 -2.27141891e+00 -2.37262296e-01  2.69654103e+00
    3.88109219e-01  3.72856635e-01 -3.39025874e+00  1.11368600e+00
   -1.07262960e+00 -2.87258638e+00 -1.43764227e+00  1.87481624e+00
   -1.40458937e+00 -1.95849723e+00  2.81913704e+00  1.28042971e+00
    3.41568370e+00  2.62889504e+00 -3.50207121e+00 -3.40976488e+00
    9.67848105e-01 -2.27523728e+00 -2.25001136e+00 -3.52766138e+00
    3.35374199e+00  3.88666236e+00  1.62587578e-01  3.41896736e+00
    7.17583449e-01 -2.11595886e+00  5.40637870e-01 -3.36333541e+00
   -2.95426541e+00 -2.82937628e+00 -1.92982432e+00  1.14738008e+00
    3.12451653e+00  7.83676635e-01  2.68734748e+00  2.10173255e+00
    2.73733591e+00 -1.82675451e+00 -3.01118167e+00 -9.50441058e-02
   -5.53232573e-01 -2.34434338e+00 -3.78565058e+00  2.16849686e+00
   -3.78422399e+00 -2.73486805e+00  2.32665573e-01  2.42043635e+00
    2.14273044e+00 -3.29714087e+00  2.15097683e+00  1.96631496e-01
    3.94169932e+00  1.42708396e+00  2.98203803e+00  2.17915836e+00
    3.94478560e+00 -2.93173788e+00  3.21920429e-01  1.26353602e+00
    2.09673348e+00  2.77885397e+00  3.83652652e+00 -2.03432292e+00
    3.05235375e+00  3.43273709e+00 -2.23887861e+00]
  [ 3.31197256e+00  1.81900663e+00 -1.61158690e+00 -3.75444062e+00
   -1.16818948e+00 -5.99365118e-01  3.37076977e+00  1.55071447e+00
   -6.04568984e-01  2.85072137e-01  1.33880449e+00 -3.62603724e+00
   -2.27675473e+00 -1.35059980e+00  1.94392473e+00 -2.62114963e+00
   -8.26231944e-01  1.72201477e+00 -5.55180005e-01 -2.20138021e+00
    1.82120093e+00  1.49221456e+00 -2.05517199e+00 -2.01633041e+00
   -2.64319594e+00  3.82715122e+00  3.15595529e+00  6.46866634e-01
   -1.68894364e+00  1.84392689e+00 -8.65415217e-01 -7.79254239e-01
    4.54409328e-01  3.76471891e+00  2.77749662e+00  1.23178374e+00
    1.58733635e+00 -4.13368853e-01 -3.32952232e+00  1.10402488e+00
    2.36748336e+00 -3.05554448e+00 -3.39506841e+00 -1.99886050e+00
   -2.73964002e+00 -2.89501779e-01 -1.56303217e+00  2.18905059e+00
   -8.78130628e-01 -3.18541148e+00 -2.53029543e-01  2.91753341e+00
    2.31760828e+00  3.16340149e+00  2.76799870e+00 -2.90774173e+00
   -2.10379822e+00 -3.08085070e+00  9.30580002e-01  2.82140777e+00
   -1.87477824e+00  2.19570475e+00 -4.38048155e-01  2.69571844e+00
   -1.54850285e+00  2.38919342e+00 -2.35066884e+00 -4.12177482e+00
    1.67022460e+00  1.37472322e+00  3.69204511e-01  1.03175592e+00
    2.16982353e+00  2.62239556e+00 -1.24120336e+00 -2.04023751e+00
   -2.75720966e+00  2.20284105e+00  9.65317527e-01 -7.20040221e-01
   -1.29852590e+00  3.19606824e-01 -1.12932324e+00  5.28650842e-01
   -1.74766801e+00  1.13242647e+00  1.56555706e+00  2.65406344e+00
    1.27610762e+00  3.33275579e+00 -5.44950492e-01  1.04529989e+00
   -2.75279254e+00 -2.48915313e+00  2.52546600e+00 -6.98096061e-01
   -1.32690066e+00  1.61182063e+00  1.66044739e+00]
  [-1.27146748e+00  3.08650662e+00 -2.86738099e+00  1.52331042e-01
   -3.09974181e+00 -2.87485929e+00 -6.97566969e-01 -3.81333104e+00
    1.29595409e+00  2.18859039e+00  3.06128367e+00  2.88173679e+00
    1.11299346e+00 -3.26409357e+00  3.45568010e+00  5.89348544e-01
   -1.62439474e+00 -3.49415660e+00  8.51692724e-01 -3.46631703e+00
   -1.60874681e+00  3.73321821e+00 -2.19408052e+00 -2.97026770e+00
    7.64826941e-01 -3.00246697e+00  1.32859932e-02  1.14708695e+00
   -1.98883020e+00 -2.27141891e+00 -2.37262296e-01  2.34527391e+00
    3.88109219e-01  3.72856635e-01 -3.39025874e+00  1.42057652e+00
   -1.07262960e+00 -2.87258638e+00 -1.43764227e+00  2.39426243e+00
   -1.40458937e+00 -1.95849723e+00  2.81913704e+00  1.35645414e+00
    3.41568370e+00  2.62889504e+00 -3.50207121e+00 -2.80564707e+00
    9.67848105e-01 -2.27523728e+00 -2.25001136e+00 -3.86838500e+00
    3.35374199e+00  3.88666236e+00  1.62587578e-01  3.63624425e+00
    7.17583449e-01 -2.11595886e+00  5.40637870e-01 -2.49135563e+00
   -2.95426541e+00 -2.82937628e+00 -1.92982432e+00  7.59068199e-01
    3.12451653e+00  7.83676635e-01  2.68734748e+00  2.62511088e+00
    2.73733591e+00 -1.82675451e+00 -3.01118167e+00  5.49118947e-02
   -5.53232573e-01 -2.34434338e+00 -3.78565058e+00  1.50362106e+00
   -3.78422399e+00 -2.73486805e+00  2.32665573e-01  2.00298909e+00
    2.14273044e+00 -3.29714087e+00  2.15097683e+00  1.96631496e-01
    3.94169932e+00  1.42708396e+00  2.98203803e+00  2.17915836e+00
    3.94478560e+00 -2.93173788e+00  3.21920429e-01  1.26353602e+00
    2.09673348e+00  2.77885397e+00  3.83652652e+00 -2.03432292e+00
    3.05235375e+00  3.43273709e+00 -2.23887861e+00]]]